4	7	1
#
0.1	0.05	0.1	-0.1
0.2	0.05	-0.3	-0.1
0.3	0.05	0.4	0.2
0.1	0.05	0.5	-0.1
0.15	0.	-0.2	0.2
-0.3	0.1	-0.2	-0.2
-0.1	0.2	0.1	0.1
#
0.1	0.2	-0.1	-0.05	0.03	-0.1	0.2


4	7	4
#
0.1	0.05	0.1	-0.1
0.2	0.05	-0.3	-0.1
0.3	0.05	0.4	0.2
0.1	0.05	0.5	-0.1
0.15	0.	-0.2	0.2
-0.3	0.1	-0.2	-0.2
-0.1	0.2	0.1	0.1
#
0.1	0.2	-0.1	-0.05	0.03	-0.1	0.2
-0.1	0.1	-0.2	0.15	-0.04	0.2	0.1
0.1	0.05	-0.22	-0.1	0.02	0.1	-0.1
0.02	-0.01	0.04	-0.15	0.03	0.12	0.11




4	7	2
#
0.1	0.05	0.1	-0.1
0.2	0.05	-0.3	-0.1
0.3	0.05	0.4	0.2
0.1	0.05	0.5	-0.1
0.15	0.	-0.2	0.2
-0.3	0.1	-0.2	-0.2
-0.1	0.2	0.1	0.1
#
0.1	0.2	-0.1	-0.05	0.03	-0.1	0.2
-0.1	0.1	-0.2	0.15	-0.04	0.2	0.1
