4	7	1
#
0.152749767031	0.369800550629	-0.0808515736649	0.045889910886
-0.147074800217	0.22991061451	0.212878761692	0.0627935943002
0.0434386452357	-0.446164899199	-0.0355811388768	0.0834127186817
0.0818365734753	0.0812139357224	-0.258304468455	0.0527542713782
-3.30276804475e-43	-7.4690588636e-42	-1.11062754041e-43	-2.60941018593e-43
-5.6759977534e-43	-3.93622886972e-42	6.02636248823e-43	-1.92262107705e-43
-5.71948979732e-43	-3.93828796969e-42	6.09759496189e-43	-1.92926388925e-43
#
-0.283094236522	-0.173537799748	0.147255791995	-0.0790996531657	4.44941795461e-42	2.40746320724e-42	2.40936716757e-42
