4	7	1
#
0.134869609862	-0.0845810301337	-0.179482384181	-0.00324916029948
-1.22980056954e-12	-1.57559686013e-12	-1.14936908603e-13	1.31999020383e-13
-4.7108678684e-12	-6.03547339771e-12	-4.40276743274e-13	5.05634782733e-13
-1.30947345914e-12	-1.67767223544e-12	-1.22383120499e-13	1.40550604793e-13
0.0934096733339	0.333441317379	0.135189940526	-0.122399260949
3.32586779753e-13	4.26103791849e-13	3.10834921157e-14	-3.56977628789e-14
-0.249098680519	-0.0699718391673	-0.305135172848	0.0510108297158
#
0.21328523301	1.36471216262e-12	5.22765953747e-12	1.45312532827e-12	-0.379258995754	-3.69072217642e-13	0.322349725907
